8,1,6500,0.938362603187561
8,1,6825.0,0.9577273178100586
8,1,7150.0,0.996883647441864
8,1,7475.0,1.0402832317352295
8,5,32500,4.0294213652610775
8,5,34125.0,4.242728300094605
8,5,35750.0,4.442535283565522
8,5,37375.0,4.608133399486542
8,5,39000.0,4.799488244056701
8,5,40625.0,5.013534138202667
8,10,65000,7.915317890644073
8,10,68250.0,8.319808297157287
8,10,71500.0,8.714934520721435
8,10,74750.0,9.164321529865266
8,10,78000.0,9.576330106258393
8,10,81250.0,9.958582665920257
8,10,84500.0,10.355006999969483
8,20,130000,15.844003491401672
8,20,136500.0,16.73811547756195
8,20,143000.0,17.529302122592927
8,20,149500.0,18.25607231616974
8,20,156000.0,19.14572561264038
8,20,162500.0,19.862275989055632
8,20,169000.0,20.630718381404876
