32,1,17500,0.9987998867034912
32,1,18375.0,0.9867368412017822
32,1,19250.0,1.0309009408950807
32,5,87500,4.258450982570648
32,5,91875.0,4.431483461856842
32,5,96250.0,4.679296119213104
32,5,100625.0,4.88570818901062
32,5,105000.0,5.0961900281906125
32,10,175000,8.486017663478851
32,10,183750.0,8.79588356256485
32,10,192500.0,9.231332063674927
32,10,201250.0,9.615014357566833
32,10,210000.0,10.139879631996155
32,20,350000,16.57567877292633
32,20,367500.0,17.248753747940064
32,20,385000.0,18.20787909269333
32,20,402500.0,19.02599291563034
32,20,420000.0,19.90068937778473
32,20,437500.0,20.721532664299012
