4,1,4000,0.8875368905067443
4,1,4200.0,0.8909668231010437
4,1,4400.0,0.9493360447883606
4,1,4600.0,0.9889920210838318
4,1,4800.0,1.0358811902999878
4,1,5000.0,1.079088521003723
4,5,20000,3.980839178562164
4,5,21000.0,4.134436252117157
4,5,22000.0,4.30144939661026
4,5,23000.0,4.524197564125061
4,5,24000.0,4.715704963207245
4,5,25000.0,4.915882351398468
4,5,26000.0,5.076940631866455
4,5,27000.0,5.377012073993683
4,10,40000,7.883418984413147
4,10,42000.0,8.23106882572174
4,10,44000.0,8.588967514038085
4,10,46000.0,8.979425270557403
4,10,48000.0,9.440647861957551
4,10,50000.0,9.84541803598404
4,10,52000.0,10.100756011009217
4,10,54000.0,10.530549383163452
4,20,80000,15.544608473777771
4,20,84000.0,16.36763865709305
4,20,88000.0,17.274183225631713
4,20,92000.0,17.98537659406662
4,20,96000.0,18.74625638484955
4,20,100000.0,19.493142118453978
4,20,104000.0,20.214723193645476
4,20,108000.0,20.881753838062288
