2,1,2200,0.8799882006645202
2,1,2310.0,0.9331495022773743
2,1,2420.0,0.9466179275512695
2,1,2530.0,0.9887015557289124
2,1,2640.0,1.0402737045288086
2,1,2750.0,1.0743119239807128
2,5,11000,4.028972764015197
2,5,11550.0,4.237814936637879
2,5,12100.0,4.470180716514587
2,5,12650.0,4.704762227535248
2,5,13200.0,4.849587099552155
2,5,13750.0,5.018268315792084
2,5,14300.0,5.1902945876121525
2,10,22000,8.005297346115112
2,10,23100.0,8.518059859275818
2,10,24200.0,8.870378420352935
2,10,25300.0,9.281774909496308
2,10,26400.0,9.653296287059783
2,10,27500.0,10.145697758197784
2,10,28600.0,10.504054567813874
2,20,44000,16.09268884420395
2,20,46200.0,16.92596337080002
2,20,48400.0,17.75242884159088
2,20,50600.0,18.48166440010071
2,20,52800.0,19.379098675251008
2,20,55000.0,20.098364610671997
2,20,57200.0,20.852227444648744
